gridtype = lonlat 
xsize = 1440 
ysize = 720 
xfirst = 0.12500 
yfirst = -89.87500 
yinc = 0.25000 

